package by.bsu.travelingsalesman.run;

/**
 * Created by cplus on 25.03.2018.
 */
public class Runner {
    public static void main(String[] args) {
        int matrix[][] = {
                {0, 5, 8, 34, 7, 8, 1, 6, 3, 23},
                {5, 0, 5, 12, 9, 14, 6, 32, 21, 4},
                {8, 5, 0, 23, 6, 31, 8, 28, 8, 9},
                {34, 12, 23, 0, 4, 40, 5, 22, 10, 20},
                {7, 9, 6, 4, 0, 24, 7, 38, 32, 18},
                {8, 14, 31, 40, 24, 0, 9, 11, 2, 5},
                {1, 6, 8, 5, 7, 9, 0, 17, 5, 22},
                {6, 32, 28, 22, 38, 11, 17, 0, 36, 12},
                {3, 21, 8, 10, 32, 2, 5, 36, 0, 11},
                {23, 4, 9, 20, 18, 5, 22, 12, 11, 0}
        };
        int matr[][] = {
                {0, 2, 7, 20, 5},
                {2, 0, 9, 16, 8},
                {7, 9, 0, 4, 6},
                {20, 16, 4, 0, 1},
                {5, 8, 6, 1, 0}
        };
    }
}
